30 тестов:

66.67699999999999
33.313199999999995
66.6659
33.3451
66.6166
33.278200000000005
66.648
33.2894
66.6795
33.311600000000006
66.64959999999999
33.2905
66.6636
33.3254
66.67739999999999
33.3127
66.63130000000001
33.4275
66.6683
33.347100000000005
66.69669999999999
33.3504
66.68610000000001
33.3468
66.6294
33.3027
66.6619
33.3969
66.64290000000001
33.4053
66.6634
33.2893
66.669
33.3651
66.5702
33.395599999999995
66.6715
33.371
66.6996
33.3106
66.6768
33.300999999999995
66.6699
33.342
66.7306
33.347
66.6186
33.2898
66.67830000000001
33.2633
66.80160000000001
33.3403
66.7075
33.2826
66.70819999999999
33.271699999999996
66.6261
33.3445
66.708
33.367000000000004